0.025635	0.0705047	0.363358	0.166944	0.175112	0.198447	
0	0.0177944	0.1817	0.286869	0.0975515	0.416085	
0.0527625	0.0527625	0.265748	0.0250712	0.288426	0.31523	
0.0389116	0	0.226177	0.169562	0.4009	0.16445	
0.0485452	0.029595	0.0990727	0.372482	0.220532	0.229773	
0	0.0666667	0	0.507733	0	0.4256	
0.180387	0.0829799	0.364115	0	0.280874	0.0916435	
0.0198607	0.0356041	0.139851	0.564038	0.0720445	0.168602	
0.0386787	0.160112	0.396244	0.0466258	0.0493747	0.308965	
0.146428	0.049159	0.281528	0.0257891	0.141255	0.355841	
0.0276941	0.0160407	0.0992158	0.484022	0.0621518	0.310875	
0.0880369	-6.50467e-18	0.210978	0.0254779	0.275193	0.400314	
0.0380872	0.0753302	0.071961	0.00690926	0.556196	0.251516	
0.00753668	0.0188577	0.0339632	0.0118021	0.581413	0.346428	
0.131133	0.0699551	0.329877	0	0.380968	0.0880675	
0	0	0.0184184	0.730574	0.0442421	0.206766	
0.0541667	0	0.075	0.522933	0.145833	0.202067	
0	0	0.10706	0.496953	0.238524	0.157464	
0	0	0.290622	0.0895816	0.152692	0.467104	
0.0391159	0.14484	0.249616	0.0509995	0.331647	0.183781	
0.198604	0.140348	0.323565	0.0310035	0.22596	0.0805198	
0.0703694	0.023468	0.241433	0.491378	0.0595116	0.11384	
0	0	0	0.530469	0.338199	0.131332	
0.0894192	0.0898889	0.164415	0.300649	0.180213	0.175415	
0.0912995	0	0.206884	0.311284	0.0952939	0.295239	
0.0661244	0.0230113	0.129372	0.515177	0.0546188	0.211696	
0.134416	0.0868119	0.252016	0	0.341165	0.185591	
0.0432814	0.0432814	0.046169	0.407298	0.046169	0.413801	
0.125641	0.0673053	0.214884	0	0.579269	0.0128996	
0.0834656	0.0432673	0.356619	0.0472772	0.292279	0.177092	
0.03493	0.00748274	0.0524107	0.43988	0.167167	0.298129	
0.124393	0.143881	0.244159	0.0120412	0.463049	0.0124763	
0.0971114	0.0392448	0.122636	0.112967	0.477327	0.150714	
0.102233	0.0711	0.0489	0.427733	0.0844333	0.2656	
0.216676	0.107837	0.31262	0.054514	0.248902	0.0594506	
0.232252	0.0237504	0.148556	0	0.291716	0.303727	
0.0345221	0	0.0258748	0.597565	0.0862717	0.255766	
0	0.0660703	0.0451115	0.551045	0.0800975	0.257676	
0.0694248	0.0241598	0.295783	0.283496	0.178839	0.148298	
0.0673973	0.0359893	0.324373	0.00387563	0.245724	0.32264	
0.0809934	0.136266	0.0850897	0.386807	0.176796	0.134048	
0.0212	0.0303	0.160833	0.2988	0.1037	0.385167	
0.00263333	0.0132333	0.3591	0.294133	0.243567	0.0873333	
0	0	0.072675	0.535338	0.175961	0.216026	
0.112827	0.100885	0.109712	0.386223	0.164531	0.125823	
0.0742897	0.00607427	0.401513	0.119731	0.185003	0.213389	
0.0568265	0	0.137119	0.262588	0.178034	0.365432	
0.0518966	0.0457024	0.118917	0.484121	0.0877859	0.211577	
0.00720402	0.00720402	0.104569	0.259338	0.0541095	0.567575	
0	0.10673	0.00736014	0.163094	0	0.722816	
0.0263207	0.00198666	0.151996	0.24399	0.320395	0.255312	
0	0	0	0.866833	0	0.133167	
0.107706	0	0.3895	0.291993	0.0945874	0.116214	
0.00463349	0.0136005	0.197873	0.384379	0.246842	0.152672	
0	0	0.166555	0.347475	0.227641	0.258329	
0.0526844	0.08705	0.331181	0	0.40794	0.121144	
0.0417477	0	0.374525	0.28257	0.11089	0.190267	
0.0926144	0.151007	0.225557	0.290409	0.192799	0.0476137	
0.0875071	0.0927929	0.165557	0.0819714	0.276921	0.29525	
0.0709644	0.174481	0	0.00858817	0.346288	0.399678	
0	0.0653421	0	0.619499	0.0127925	0.302366	
0.0137	0	0.0274	0.6013	0.2557	0.1019	
0.0299016	0.0721437	0.207756	0.0748269	0.353803	0.261568	
0.00983333	0.0867884	0.166126	0.512499	0.0343855	0.190368	
0.0339684	0.0859116	0.0466472	0.474535	0.069053	0.289885	
0.178884	0.245422	0.196797	8.31738e-17	0.285731	0.0931666	
0.0724539	0.181937	0.0565385	0.0260877	0.389054	0.273929	
0.0511966	0.00419972	0.219552	0.275348	0.35291	0.0967935	
0.0479643	0.0502901	0.143185	0.188603	0.439512	0.130446	
0	0	0.0294404	0.445556	0	0.525004	
0.0603803	0.0333685	0.173202	0.0613761	0.534096	0.137577	
0	0.0785111	0.176218	0.358635	0.105713	0.280922	
0.0584122	0.0584122	0.371436	0.146386	0.196672	0.168681	
0.0762	0.0698333	0	0.535667	0.0793667	0.238933	
0.00384016	0.00811307	0.145842	0.408245	0.163123	0.270837	
0	0.119687	0.144468	0.270588	0.191746	0.273511	
0.163804	0.0633437	0.333801	0.0576966	0.3107	0.0706548	
0.10428	0	0.271529	0.0335874	0.374985	0.215619	
0	0.0231399	0.0370034	0.625973	0	0.313883	
0.0541667	0	0.075	0.522933	0.145833	0.202067	
0.0912744	0.0325349	0.173933	0.238418	0.242355	0.221485	
0.135619	0.00948287	0.21436	0.190068	0.217952	0.232518	
0.103949	0.0377903	0.0611244	0.133701	0.134528	0.528907	
0.0884872	0	0.207925	0.42251	0.155888	0.12519	
0.101381	0.0443499	0.135625	0.320855	0.259472	0.138316	
0.131012	0.0538231	0.218791	0	0.532508	0.0638658	
0.116147	0	0.0781977	0.244359	0.201751	0.359545	
0.190182	0.00798468	0.125557	0.312224	0.261787	0.102265	
0.0281801	0	0.204393	0.463369	0.159858	0.1442	
0.168742	0.11816	0.207454	0.0158348	0.444186	0.045624	
0.218419	0.0713658	0.0439017	0.319319	0.0109924	0.336001	
0.145001	0.0772908	0.157872	0.159875	0.166574	0.293387	
0.132996	0.101533	0.238277	0.145422	0.32168	0.0600911	
0.255538	0.141005	0.231241	0	0.270496	0.10172	
0.154032	0.191606	0.138453	0.112684	0.206181	0.197045	
0	0	0.250776	0.424131	0.0640418	0.26105	
0.200275	0.0639184	0.307367	0.0852183	0.142688	0.200533	
0.0704808	0.0245273	0.179341	0.479417	0.0582172	0.188017	
0.0889892	0.176337	0.264179	0.0544302	0.155824	0.26024	
0	0	0.0253877	0.665695	0.0398853	0.269032	
0.00828403	0	0.0921875	0.438311	0.194915	0.266302	
0.0622979	0.0595313	0.0584647	0.381721	0.051265	0.38672	
0.00638569	0.00319284	0.473181	0	0.376326	0.140914	
0.0137	0	0.0740667	0.491233	0.2557	0.1653	
0.151758	0.0759506	0.138608	0.258611	0.171925	0.203146	
0.158736	0.21389	0.39138	0.0754157	0.118153	0.0424256	
0.0930523	0.022371	0.285016	0	0.523279	0.0762809	
0.0326842	0	0.0620427	0.364655	0.335775	0.204843	
0.239109	0.11962	0.139161	0.0190993	0.214796	0.268215	
0.0475669	0	0.362706	0.0298121	0.370309	0.189606	
0.0141669	0.0654278	0.0283338	0.103875	0.264414	0.523782	
0	0.0139	0.0902667	0.182867	0.305567	0.4074	
0.00857	0.0756384	0.102759	0.332303	0.305242	0.175488	
0.181417	0.136696	0.248988	0	0.301784	0.131114	
0.251903	0.15354	0.273899	0	0.247487	0.0731708	
0.137963	0.0794709	0.362506	0.174323	0.150413	0.0953237	
0.0524248	0.0756987	0.0446446	0.467641	0.120377	0.239214	
0.0649646	0.0175502	0.161379	0.625973	0.0280647	0.102069	
0.251844	0.153158	0.274148	0	0.246661	0.0741895	
0.230259	0.0698977	0.191094	0.225092	0.128562	0.155095	
0.131631	0.106441	0.221332	0.174873	0.195999	0.169724	
0.0744223	0	0.108963	0.404139	0.200368	0.212108	
0.0456519	0.00256858	0.390469	0	0.431979	0.129331	
0.154942	0.12658	0.37791	0.0286557	0.15926	0.152654	
0.0722644	0.0084455	0.375923	0.0342031	0.456437	0.0527264	
0.109505	0.0128277	0.2667	0.337494	0.0651224	0.208352	
0.011547	0	0.274727	0.449956	0.131464	0.132306	
0.025651	0.0935073	0.057706	0.199094	0.340847	0.283194	
0.0512974	0.0420085	0.253891	0.0829605	0.0823026	0.48754	
0.0209536	0.0497747	0.311101	0.0789937	0.122522	0.416655	
0.0529684	0.00323344	0.318344	0.184473	0.334344	0.106637	
0.0773971	0.0521817	0.259594	0.244425	0.20345	0.162952	
0.198631	0.0754135	0.395584	0	0.246797	0.0835757	
0.00751708	0	0.10538	0.421534	0.155565	0.310004	
0.00223931	0	0.0465854	0.00772417	0.770026	0.173425	
0.0979027	0	0.0384396	0.464129	0.109342	0.290187	
0.00772919	0	0.192927	0.318817	0.353976	0.12655	
0.0187313	0.00843901	0.163452	0.245088	0.300925	0.263365	
0	0.00717029	0.0289505	0.620948	0.00717029	0.335761	
0.238632	0.0797991	0.18302	0.144221	0.228346	0.125982	
0.209076	0.111462	0.298179	0	0.277576	0.103706	
0.0512468	0.173214	0.248353	0.0549949	0.207632	0.264559	
0.114546	0.030917	0.268659	0.27946	0.18419	0.122227	
0.14332	0.0754227	0.26009	0	0.458468	0.0626995	
0.0658937	0.022931	0.128921	0.515904	0.0544282	0.211922	
0.0404732	0.0168638	0.170387	0.222743	0.19985	0.349682	
0.12204	0.130687	0.0563523	0.202753	0.110695	0.377473	
0	0.108118	0	0.366574	0.195262	0.330045	
0.0714879	0.0248778	0.139866	0.450933	0.059049	0.253786	
0.144814	0.0720248	0.140776	0.366288	0.102908	0.17319	
0.190767	0.0643333	0.1573	0.206633	0.162533	0.218433	
0.0325402	0	0.48956	0	0.317348	0.160552	
0.0613981	0	0.3143	8.81741e-17	0.564661	0.0596407	
0.0957328	0.103632	0.157848	0.15018	0.387636	0.104971	
0.0592676	0	0.0820628	0.561302	0.159567	0.137801	
0.0529684	0.00323344	0.318344	0.184473	0.334344	0.106637	
0.062586	0.00564671	0.364007	0.0169724	0.129457	0.421331	
0	0	0.0692393	0.67017	0.0389081	0.221683	
0.0192272	0	0.243633	0.477651	0.114668	0.14482	
0.0137	0	0.0274	0.553467	0.2557	0.149733	
0.0105179	0.00211746	0.162003	0.559934	0.166204	0.0992231	
0.0561711	0.00558641	0.0505847	0.488241	0.0928218	0.306595	
0	0	0.0253225	0.647852	0.0397829	0.287042	
0.00748464	0	0.084092	0.48691	0.233125	0.188389	
0.135188	0.0095637	0.214445	0.190848	0.217784	0.232171	
0	0.00448789	0.089335	0.432405	0.18659	0.287181	
0	0	0	0.822573	0	0.177427	
0.0903434	0.041672	0.307919	0.136483	0.149744	0.273839	
0.0820482	0.0261182	0.200574	0.078994	0.469574	0.142692	
0.113559	0.101581	0.109557	0.384717	0.165252	0.125333	
0.0762	0.0698333	0	0.535667	0.0793667	0.238933	
0.109368	0	0.0554186	0.229144	0.0554186	0.55065	
0.124408	0.0542703	0.284319	0.182812	0.192346	0.161844	
0.0964159	0	0.151974	0.372772	0.168967	0.209871	
0	0	0.419367	0.331733	0.1347	0.1142	
0	0	0.0111167	0.594941	0.00369374	0.390248	
0	0	0.179905	0.608525	0.0826722	0.128897	
0.057051	0	0.39755	0.147197	0.203235	0.194967	
0.140134	0.0819575	0.213585	0.294539	0.11755	0.152234	
0.113559	0.101581	0.109557	0.384717	0.165252	0.125333	
0.155607	0.0939334	0.274792	0.0746905	0.364925	0.0360521	
0.0216377	0.0216377	0	0.696743	0.0108356	0.249146	
0.00764863	0.0669419	0.150648	0.415906	0.101935	0.256921	
0.0262213	0.105214	0.0839481	0.365726	0.301504	0.117387	
0.0543098	0.00600443	0.427558	0	0.367579	0.144548	
0.0137	0	0.0740667	0.491233	0.2557	0.1653	
0.114698	0.084468	0.265011	0.15201	0.323683	0.0601303	
0	0	0	0.627	0	0.373	
0.0333733	0.0407252	0.160944	0.307141	0.193382	0.264435	
0.11536	0.088787	0.1176	0.143817	0.240534	0.293902	
0.0463691	0.0509024	0.0974006	0.394536	0.321243	0.0895487	
0.113559	0.101581	0.109557	0.384717	0.165252	0.125333	
0.0344963	0	0.0654825	0.310825	0.354391	0.234805	
0.0990718	0.114293	0	0.618632	0.106682	0.0613206	
0.10608	0.0483349	0.345324	0	0.409915	0.0903455	
0.0893667	0.0563333	0.251067	0.2907	0.197467	0.115067	
0.0767053	0.0406027	0.0680287	0.330789	0.086063	0.397812	
0	0	0	0.86873	0	0.13127	
0.0195263	0.134324	0.0795285	0.208385	0.0429393	0.515297	
0.140771	0.111492	0.0933544	0.279469	0.261691	0.113222	
0.0959415	0.0103237	0.248678	0.406745	0.090229	0.148082	
0.0738907	0.0505467	0.0738907	0.545667	0.058328	0.197677	
0.140363	0.111201	0.202701	0.105963	0.271012	0.168761	
0.030302	0.0136009	0.391759	0.0510367	0.336322	0.176978	
0	0	0.270117	0.12643	0.353282	0.250171	
0.0131707	0.148134	0.0219687	0.361838	0.0219687	0.43292	
0.206798	0.016541	0.360653	0.0642318	0.195486	0.15629	
0	0	0	0.3125	0.4952	0.1923	
0	0	0.0618592	0.54064	0	0.397501	
0.0156957	0	0.105913	0.532893	0.182412	0.163087	
0.030602	0	0.15301	0.531979	0.15301	0.131399	
0.00856844	0.00856844	0.152611	0.0460742	0.107521	0.676657	
0.0464532	0.0348325	0.111452	0.216698	0.104497	0.486067	
0	0	0	0.536656	0.282142	0.181202	
0.0928302	0.0388654	0.138995	0.272724	0.369354	0.0872304	
0	0	0	0.652485	0	0.347515	
0.196838	0.113653	0.283414	0.037333	0.23008	0.138681	
0.125214	0.0702697	0.34453	0.207791	0.178914	0.0732814	
0.025841	0.136664	0.0387783	0.414847	0.0840085	0.299861	
0.0169932	0	0.080808	0.570279	0.0850739	0.246846	
0.0988459	0.105661	0.0542736	0.255559	0.157896	0.327765	
0	0.176195	0	0.167217	0	0.656587	
0	0	0	0.752536	0	0.247464	
0.0862103	0.221002	0.108337	0.0846325	0.0689502	0.430867	
0.216641	0.107809	0.312685	0.054623	0.24869	0.0595531	
0	0	0.0899865	0.407945	0.0356503	0.466418	
0.252358	0.129504	0.360702	0	0.18535	0.0720854	
0	0	0	0.532881	0.336462	0.130657	
0	0	0.311733	0.3078	0.151294	0.229172	
0.0587853	0	0.081395	0.542208	0.158268	0.159344	
0	0.00576589	0.00757185	0.697731	0	0.288931	
0.105827	0.0957651	0.108693	0.341942	0.120776	0.226998	
0.0772465	0.0278686	0.329346	0.0319601	0.417092	0.116487	
0.0382658	0	0	0.564124	0.165841	0.231769	
0	0	0	0.760438	0.0644817	0.175081	
0.148248	0.0147274	0.12201	0	0.189756	0.525259	
0.0576768	0	0.0798601	0.547446	0.155284	0.159733	
0.0612492	0.0546164	0.193116	0.279961	0.252673	0.158384	
0.11459	0.102487	0.110888	0.388222	0.166886	0.116928	
0	0	0.225435	0.243221	0.296439	0.234905	
0.0762	0.0698333	0	0.535667	0.0793667	0.238933	
0.121053	0.0163047	0.127093	0.467377	0.167089	0.101084	
0.0906266	0.0548516	0.263915	0	0.520825	0.069781	
0.0490191	0	0.234775	0.244065	0.360979	0.111162	
0.160432	0.0432775	0.267543	0.156633	0.100042	0.272072	
0.212557	0.0378877	0.407441	0.0418886	0.181765	0.118461	
0.0691969	0	0.255247	0.0336253	0.513428	0.128503	
0.0729042	0.105589	0.0884813	0.219966	0.204896	0.308164	
0.0658937	0.022931	0.128921	0.515904	0.0544282	0.211922	
0	0	0	0.740019	0	0.259981	
0.0636545	0.0591868	0.347688	0.0915939	0.225455	0.212421	
0.0083568	0.177858	0.086377	0.0606369	0.436623	0.230149	
0.0770607	0.0513586	0.0440347	0.476987	0	0.350559	
0.0521333	0	0.400533	0	0.468133	0.0792	
0	0	0.583049	0.144335	0.068728	0.203888	
0.268448	0.0731069	0.140971	0.193083	0.114352	0.210039	
0.0227763	0.158863	0.184544	0.238822	0.107374	0.287621	
0.136513	0.156005	0.0288407	0.415182	0.105683	0.157776	
0.0289094	0.00993781	0.14566	0.374229	0.358298	0.0829653	
0.00782017	0.00611023	0.0808303	0.160408	0.436086	0.308745	
0	0	0.0141868	0.700658	0	0.285155	
0.00263333	0.0132333	0.3591	0.294133	0.243567	0.0873333	
0.0959917	0.0129748	0.0842585	0.105819	0.27406	0.426896	
0.137696	0.0906198	0.241852	0.173644	0.250303	0.105886	
0.0664233	0	0.0204018	0.503807	0.11653	0.292838	
0.0893667	0.0563333	0.251067	0.2907	0.197467	0.115067	
0.0937001	0.105125	0.0342756	0.0468461	0.403712	0.316341	
0	0	0	0.53187	0.33719	0.13094	
0	0.0136005	0.112237	0.512584	0.0408014	0.320777	
0	0	0.0112438	0.529372	0.00373597	0.455648	
0	0.0654846	0	0.619098	0.012779	0.302638	
0.0675667	0.0225333	0.2072	0.216367	0.405933	0.0804	
0	0	0	0.834463	0	0.165537	
0.0451283	0.055403	0.141362	0.164486	0.410529	0.183091	
0.158432	0.0747784	0.444833	0	0.208797	0.11316	
0	0	0.0469158	0.661084	0.00936864	0.282632	
0.0346543	0.014928	0.401994	0.0289165	0.41209	0.107416	
0	0.0261104	0.046595	0	0.357802	0.569492	
0	0	0	0.849476	0	0.150524	
0.0536404	0.015612	0.2671	0.151738	0.296699	0.21521	
0.0468401	0	0.192722	0.320452	0.12259	0.317397	
0.0581066	0	0.0804552	0.360964	0.156441	0.344033	
0	0.0495882	0.171056	0.253373	0.0646226	0.46136	
0.0577767	0.0115621	0.0832132	0.597456	0.114479	0.135513	
0.123841	0.0444809	0.202298	0.237036	0.127099	0.265245	
0.216371	0.0461163	0.182871	0.195901	0.256351	0.10239	
0.0139068	0.00926101	0.0787338	0.689712	0.046305	0.162082	
0.101523	0.0575294	0.0833738	0.586137	0.0871802	0.0842572	
0.196791	0.161465	0.374882	0.0118967	0.188974	0.0659916	
0.029416	0.234963	0.0936205	0.336697	0.160876	0.144427	
0	0	0	0.868363	0	0.131637	
0	0	0.086771	0.58233	0.04337	0.287529	
0	0.00674421	0.0866215	0.512935	0.0352053	0.358494	
0	0.00637384	0.0655151	0.49032	0.0683247	0.369466	
0.0496964	0.0149721	0.272681	0.314241	0.190485	0.157924	
0.210625	0.0518434	0.317226	0.045589	0.268875	0.105842	
0.0762	0.0698333	0	0.535667	0.0793667	0.238933	
0	0.0057394	0	0.50367	0.338587	0.152003	
0.12401	0	0.258527	0.250998	0.254469	0.111995	
0.137874	0.0871349	0.339283	0.089001	0.197025	0.149682	
0.0943905	0.0255584	0.137871	0.489556	0.130618	0.122006	
0.123391	0	0.0590678	0.259715	0.476479	0.0813473	
0.0698197	0	0.0966735	0.379104	0.194206	0.260196	
0.0542406	0	0	0.605083	0	0.340676	
0.0450196	0.0450196	0.146408	0.198922	0.319128	0.245502	
0.091564	0.144304	0.0410123	0.345559	0.0615353	0.316026	
0.0153995	0	0.0461651	0.452885	0.215393	0.270158	
0.0887169	0.0269041	0.410631	0	0.37522	0.0985279	
0.0716339	0.0656487	0	0.67267	0.0746108	0.115436	
0.177611	0.0922887	0.297805	0.151697	0.119123	0.161476	
0	0	0.0843264	0.360744	0.0421249	0.512804	
